LookAt: 0.681785 -0.237076 0.692072
Right: -0.712381 7.45058e-09 0.701793
Up: 0.166378 0.971491 0.168888
Position: -35 32 -43
