LookAt: -0.765578f, -0.351368f, 0.538916f
Right: -0.575619 -1.49012e-08 -0.817718
Up: -0.28732f, 0.936238f, 0.202254f
Position: -14 79 -29
