LookAt: 0.459824f, 0.0598116f, 0.885993f
Right: -0.887582 0 0.460649
Up: -0.0275522f, 0.99821f, -0.0530877f
Position: 21 9 0
