[3]
camPos = { -23, 27, 38};
lookatVec = { 0.584543, -0.294758, 0.755928};
upVec = { 0.180309, 0.955572, 0.233175};
fov = 0.681;
